1.0000000000000000 137.6266469978637303 137.0306296226686698
2.0000000000000000 110.0890495848398700 109.6102423498580691
3.0000000000000000 88.0609628165538538 87.6768790213989888
4.0000000000000000 70.3351946984553251 50.7945629677008696
5.0000000000000000 85.3077337513913108 63.7194321413668021
6.0000000000000000 67.1622393058678426 50.6868683174306938
7.0000000000000000 52.9026013927387453 40.3291138465118451
8.0000000000000000 41.6908248825313876 32.0950462726309240
9.0000000000000000 32.8709234348714290 25.5475921966081216
10.0000000000000000 25.9291036860716986 20.3400122126802749
