 1.6000000000000001  1.7750000000000001
 1.6000000000000001  2.1250000000000000
 1.6000000000000001  2.4750000000000001
 1.6000000000000001  2.8250000000000002
 0.2000000000000002  1.9500000000000002
 0.2000000000000002  2.6499999999999999
 3.0000000000000000  2.6499999999999999
 0.9000000000000001  2.2999999999999998
 0.5500000000000003  0.2000000000000002
 1.2500000000000000  0.2000000000000002
 1.9500000000000002  1.6000000000000001
 1.9500000000000002  0.2000000000000002
 2.6499999999999999  1.6000000000000001
 2.6499999999999999  0.2000000000000002
