TASMANIAN SG 4.0
WARNING: do not edit this manually
localpolynomial
2 1 1 1
localp
1 2 5 0 0 0 1 0 2 1 0 2 0
1  -5.04715707473077714e+02 -5.04250175459162620e-01 3.67225758572487848e-01 -2.83277942948586769e-01 2.34010855228234504e-01
0
0
1 0
0 4 4 4 4 4
3 4 1 2
1 5 1 -5.04715707473077714e+02 -5.05219957648536877e+02 -5.04348481714505226e+02 -5.04998985416026301e+02 -5.04481696617849479e+02
custom
2.00000000000000011e-01 3.00000000000000000e+00
2.00000000000000011e-01 3.00000000000000000e+00
TASMANIAN SG end
