TASMANIAN SG 4.0
WARNING: do not edit this manually
localpolynomial
2 1 1 4
localp
1 2 49 0 0 0 1 0 2 0 3 0 4 0 5 0 6 0 7 0 8 0 9 0 10 0 11 0 12 1 0 1 1 1 2 1 3 1 4 1 5 1 6 1 7 1 8 2 0 2 1 2 2 2 3 2 4 2 5 2 6 2 7 2 8 3 0 3 1 3 2 3 3 3 4 4 0 4 1 4 2 4 3 4 4 5 0 5 1 5 2 6 0 6 1 6 2 7 0 8 0
1  -1.36889027790552518e+02 7.26174675946822390e-10 5.59055024496046826e-11 1.95825577975483611e-09 2.14555484490119852e-09 4.33573177360813133e-09 1.89260163097060286e-09 1.56560986397380475e-09 -1.13777787191793323e-09 4.18029344473325182e-09 2.72436295745137613e-09 2.59092303167562932e-10 -1.16330056698643602e-09 7.26174675946822390e-10 2.95597146759973839e-09 -6.74333477945765480e-10 -4.33121272180869710e-09 1.02394608347822214e-08 1.77852399474431877e-08 -1.84824955340445740e-09 -8.24465473669988569e-09 -5.25011500940308906e-09 5.59055024496046826e-11 -6.74333477945765480e-10 6.97866653354139999e-10 -1.75381842382194009e-09 -2.16260787055944093e-09 -1.92059701475955080e-09 -1.84479631570866331e-09 -1.96531857454829151e-09 4.36514824286859948e-10 1.95825577975483611e-09 -4.33121272180869710e-09 -1.75381842382194009e-09 -8.23476398181810509e-10 -5.29394128534477204e-09 2.14555484490119852e-09 1.02351833675129456e-08 -2.16262208141415613e-09 -5.29178834085541894e-09 -1.69071512345908559e-09 4.33573177360813133e-09 1.77852399474431877e-08 -1.92061122561426600e-09 1.89260163097060286e-09 -1.84822113169502700e-09 -1.84435577921249205e-09 1.56560986397380475e-09 -1.13777787191793323e-09
0
0
1 0
0 4 5 6 8 10 12 14 14 14 14 14 14 14 17 18 19 21 23 23 23 23 23 26 27 28 30 32 32 32 32 32 36 37 38 38 38 42 43 44 44 44 46 46 46 48 48 48 48 48
13 22 1 2 3 4 5 6 7 8 9 10 11 12 31 14 15 16 17 18 19 20 21 36 23 24 25 26 27 28 29 30 41 44 32 33 34 35 47 48 37 38 39 40 42 43 45 46
1 49 1 -1.36889027790552518e+02 -1.36889027789826343e+02 -1.36889027790496613e+02 -1.36889027788231175e+02 -1.36889027788378996e+02 -1.36889027784693042e+02 -1.36889027787499231e+02 -1.36889027787900147e+02 -1.36889027790575597e+02 -1.36889027783079399e+02 -1.36889027783737731e+02 -1.36889027787606125e+02 -1.36889027790189175e+02 -1.36889027789826343e+02 -1.36889027786144197e+02 -1.36889027790444771e+02 -1.36889027790358227e+02 -1.36889027777750556e+02 -1.36889027766130255e+02 -1.36889027790047919e+02 -1.36889027790467480e+02 -1.36889027790485557e+02 -1.36889027790496613e+02 -1.36889027790444771e+02 -1.36889027789742840e+02 -1.36889027790266255e+02 -1.36889027790136794e+02 -1.36889027787940364e+02 -1.36889027790333614e+02 -1.36889027790716398e+02 -1.36889027790641080e+02 -1.36889027788231175e+02 -1.36889027790358227e+02 -1.36889027790266255e+02 -1.36889027790325514e+02 -1.36889027787277342e+02 -1.36889027788378996e+02 -1.36889027777754819e+02 -1.36889027790136794e+02 -1.36889027787277342e+02 -1.36889027789884352e+02 -1.36889027784693042e+02 -1.36889027766130255e+02 -1.36889027787940364e+02 -1.36889027787499231e+02 -1.36889027790047919e+02 -1.36889027790333216e+02 -1.36889027787900147e+02 -1.36889027790575597e+02
custom
2.00000000000000011e-01 3.00000000000000000e+00
2.00000000000000011e-01 3.00000000000000000e+00
TASMANIAN SG end
