TASMANIAN SG 4.0
WARNING: do not edit this manually
localpolynomial
2 1 1 1
localp
1 2 5 0 0 0 1 0 2 1 0 2 0
1  -4.03563120360305561e+02 -8.28813553747636433e-01 5.93356633209850770e-01 -4.65611330686101610e-01 3.80952892157267797e-01
0
0
1 0
0 4 4 4 4 4
3 4 1 2
1 5 1 -4.03563120360305561e+02 -4.04391933914053197e+02 -4.02969763727095710e+02 -4.04028731690991663e+02 -4.03182167468148293e+02
custom
2.00000000000000011e-01 3.00000000000000000e+00
2.00000000000000011e-01 3.00000000000000000e+00
TASMANIAN SG end
