TASMANIAN SG 4.0
WARNING: do not edit this manually
localpolynomial
2 1 1 4
localp
1 2 55 0 0 0 1 0 2 0 3 0 4 0 5 0 6 0 7 0 8 0 9 0 10 0 11 0 12 0 13 0 14 0 15 0 16 1 0 1 1 1 2 1 3 1 4 1 5 1 6 1 7 1 8 2 0 2 1 2 2 2 3 2 4 2 5 2 6 2 7 2 8 3 0 3 1 3 2 3 3 3 4 4 0 4 1 4 2 4 3 4 4 5 0 5 1 5 2 6 0 6 1 6 2 7 0 7 1 8 0 8 1
1  1.98550195167093912e+00 -3.14773692144385064e+00 8.69905389461662182e-01 1.09351941014560783e+00 4.27780304149155022e-01 6.19739149142820800e-01 2.46467160476585789e-01 2.11381268210040218e-01 1.78694849214640517e-01 4.33668340692491494e-01 4.14379262279243044e-02 1.79979134231720295e-02 1.97678015412467989e-01 1.92277997986237903e-01 5.57282627309274581e-03 3.95361492051882202e-03 1.67959485650418738e-01 -3.14773692220949730e+00 -1.27577297151534985e+00 8.77798820618364228e-01 4.28127677152376762e-01 -5.04219086969222019e-02 7.94359025279471886e-02 1.27325734295329784e-01 9.59157992420367478e-02 -1.59878100812418822e-01 8.69905389537039664e-01 8.77798819755946091e-01 2.44313383817626573e-01 -3.88910998085835846e-01 -1.88021247635891342e-01 -3.23492880487073808e-01 -3.33639345649463515e-02 -2.02636971176413105e-02 -1.65771096957743058e-01 1.09351941058409530e+00 4.28127676344885577e-01 -3.88910998315169065e-01 -5.68607562779703257e-01 -3.19125693044000069e-01 4.27780304108440479e-01 -5.04219089936361886e-02 -1.88021247263516100e-01 -3.19125692062461996e-01 -2.57384386934873421e-01 6.19739148195589618e-01 7.94359037467540219e-02 -3.23492879645643328e-01 2.46467158873761694e-01 1.27325735237622917e-01 -3.33639331134631956e-02 2.11381268199811956e-01 9.59157988547229001e-02 1.78694849232726494e-01 -1.59878100837618553e-01
0
0
1 0
0 4 5 6 8 10 12 14 16 18 18 18 18 18 18 18 18 18 21 22 23 25 27 27 27 27 27 30 31 32 34 36 36 36 36 36 40 41 42 42 42 46 47 48 48 48 50 50 50 52 52 52 53 53 54 54
17 26 1 2 3 4 5 6 7 8 9 10 11 12 13 14 15 16 35 18 19 20 21 22 23 24 25 40 27 28 29 30 31 32 33 34 45 48 36 37 38 39 51 53 41 42 43 44 46 47 49 50 52 54
1 55 1 1.98550195167093912e+00 -1.16223496977291152e+00 2.85540734113260131e+00 1.50515290109462163e+00 2.84823495055092524e+00 7.91198114803676078e-01 1.99179458685936606e+00 2.62824971932097240e+00 3.03051599505640379e+00 2.48149913207873885e-01 1.18961343417707299e+00 1.76647165740016598e+00 2.18632628467762080e+00 2.49915383348219367e+00 2.74381516120904134e+00 2.94332908772418333e+00 3.11092115374492106e+00 -1.16223497053855818e+00 -5.58574486349775867e+00 5.85469239541468234e-01 -1.85234282972017339e+00 8.89755299536883482e-02 -3.01986879493819815e+00 -1.13349600535745054e+00 -2.29332652840358031e-01 3.56039133149799791e-01 2.85540734120797879e+00 5.85469239520074236e-01 3.96962611448726754e+00 2.42504670242379827e+00 3.65227578436088685e+00 1.80150423962768325e+00 2.85333024772752797e+00 3.44495913387683173e+00 3.82387470168097465e+00 1.50515290115028577e+00 -1.85234282970635422e+00 2.42504670260596100e+00 5.65380721664058838e-01 2.04854345863481724e+00 2.84823495054789966e+00 8.89755299883855377e-02 3.65227578465485880e+00 2.04854345930837045e+00 3.32664066099771505e+00 7.91198113501453415e-01 -3.01986879465971292e+00 1.80150423962366069e+00 1.99179458528437436e+00 -1.13349600562824815e+00 2.85333024762957965e+00 2.62824971930923112e+00 -2.29332652837727913e-01 3.03051599511066572e+00 3.56039133149337939e-01
custom
2.00000000000000011e-01 3.00000000000000000e+00
2.00000000000000011e-01 3.00000000000000000e+00
TASMANIAN SG end
