TASMANIAN SG 4.0
WARNING: do not edit this manually
localpolynomial
2 1 1 1
localp
1 2 5 0 0 0 1 0 2 1 0 2 0
1  -4.06214297610259166e+02 -2.99057393513786565e+01 4.11673619159809050e+01 -1.18072776457851774e+01 2.02733081387802940e+01
0
0
1 0
0 4 4 4 4 4
3 4 1 2
1 5 1 -4.06214297610259166e+02 -4.36120036961637823e+02 -3.65046935694278261e+02 -4.18021575256044343e+02 -3.85940989471478872e+02
custom
2.00000000000000011e-01 3.00000000000000000e+00
2.00000000000000011e-01 3.00000000000000000e+00
TASMANIAN SG end
