TASMANIAN SG 4.0
WARNING: do not edit this manually
localpolynomial
2 1 1 1
localp
1 2 5 0 0 0 1 0 2 1 0 2 0
1  -4.59761714218756595e+02 -6.46474577181095356e-01 4.66854571375165506e-01 -3.63176843193116383e-01 2.98594535657969118e-01
0
0
1 0
0 4 4 4 4 4
3 4 1 2
1 5 1 -4.59761714218756595e+02 -4.60408188795937690e+02 -4.59294859647381429e+02 -4.60124891061949711e+02 -4.59463119683098626e+02
custom
2.00000000000000011e-01 3.00000000000000000e+00
2.00000000000000011e-01 3.00000000000000000e+00
TASMANIAN SG end
