TASMANIAN SG 4.0
WARNING: do not edit this manually
localpolynomial
2 1 1 1
localp
1 2 5 0 0 0 1 0 2 1 0 2 0
1  -3.35510624897909679e+02 -3.83406914693854901e+01 5.31031181804531798e+01 -1.51375354365732733e+01 2.62353283184583574e+01
0
0
1 0
0 4 4 4 4 4
3 4 1 2
1 5 1 -3.35510624897909679e+02 -3.73851316367295169e+02 -2.82407506717456499e+02 -3.50648160334482952e+02 -3.09275296579451322e+02
custom
2.00000000000000011e-01 3.00000000000000000e+00
2.00000000000000011e-01 3.00000000000000000e+00
TASMANIAN SG end
